file-5.22.14324_R_0x12345678-0x12545678:
first_afl_crash_time:92.6506056786,second
first_aflgo_crash_time:66.9971914291,second
