file-5.22.6805_R_0x12345678-0x22345678:
first_afl_crash_time:423.877110004,second
first_aflgo_crash_time:153.625956774,second
