file-5.22.14314_KT_0xda897fff:
first_afl_crash_time:883.495379448,second
first_aflgo_crash_time:15562.0767426,second
