file-5.22.3479_R_0x12345678-0x12545678:
first_afl_crash_time:1441.90091515,second
first_aflgo_crash_time:22782.2057979,second
