file-5.22.1460_KT_0xda897fff:
first_afl_crash_time:18153.661685,second
first_aflgo_crash_time:2308.64546609,second
