file-5.22.660_R_0x12345678-0x12545678:
first_afl_crash_time:23.2238891125,second
first_aflgo_crash_time:73.1187143326,second
