file-5.22.2394_R_0x12345678-0x22345678:
first_afl_crash_time:11.1817560196,second
first_aflgo_crash_time:2.43911266327,second
