file-5.22.14960_R_0x12345678-0x12545678:
first_afl_crash_time:3708.62691879,second
first_aflgo_crash_time:850.479679585,second
