file-5.22.292_R_0x12345678-0x12545678:
first_afl_crash_time:119.061447382,second
first_aflgo_crash_time:376.185551882,second
