file-5.22.4383_R_0x12345678-0x12545678:
first_afl_crash_time:14730.5570145,second
first_aflgo_crash_time:12690.2423847,second
