file-5.22.3380_R_0x12345678-0x12545678:
first_afl_crash_time:88.7139966488,second
first_aflgo_crash_time:194.561578035,second
