file-5.22.3612_R_0x12345678-0x22345678:
first_afl_crash_time:601.856450558,second
first_aflgo_crash_time:615.480264187,second
