file-5.22.2978_R_0x12345678-0x12545678:
first_afl_crash_time:38.5623133183,second
first_aflgo_crash_time:14.2620329857,second
