file-5.22.7603_R_0x12345678-0x12545678:
first_afl_crash_time:139.725346088,second
first_aflgo_crash_time:260.15805912,second
