file-5.22.1370_R_0x12345678-0x12349678:
first_afl_crash_time:22536.2767754,second
first_aflgo_crash_time:2737.678617,second
