file-5.22.4961_R_0x12345678-0x22345678:
first_afl_crash_time:2386.80233788,second
first_aflgo_crash_time:2766.5545876,second
