file-5.22.5871_R_0x12345678-0x12349678:
first_afl_crash_time:9228.4319849,second
first_aflgo_crash_time:13641.7584865,second
