file-5.22.2655_KT_0xda897fff:
first_afl_crash_time:5312.97318053,second
first_aflgo_crash_time:1459.65978599,second
