file-5.22.2048_R_0x12345678-0x12545678:
first_afl_crash_time:27.1361103058,second
first_aflgo_crash_time:20.9446249008,second
