file-5.22.7700_R_0x12345678-0x12545678:
first_afl_crash_time:74.13824296,second
first_aflgo_crash_time:136.60565424,second
