file-5.22.2394_R_0x12345678-0x22345678:
first_afl_crash_time:27.7882034779,second
first_aflgo_crash_time:5.24877548218,second
