file-5.22.2048_R_0x12345678-0x12545678:
first_afl_crash_time:11.0745372772,second
first_aflgo_crash_time:39.368108511,second
