file-5.22.14369_R_0x12345678-0x22345678:
first_afl_crash_time:3.07478833199,second
first_aflgo_crash_time:6.22616553307,second
