file-5.22.2655_KT_0xda897fff:
first_afl_crash_time:7209.52783108,second
first_aflgo_crash_time:706.498024464,second
