file-5.22.7603_R_0x12345678-0x12545678:
first_afl_crash_time:129.331948519,second
first_aflgo_crash_time:589.793473721,second
