file-5.22.5871_R_0x12345678-0x12349678:
first_afl_crash_time:2679.3786304,second
first_aflgo_crash_time:762.527518749,second
