file-5.22.2978_R_0x12345678-0x12545678:
first_afl_crash_time:22.2535383701,second
first_aflgo_crash_time:116.720467806,second
