file-5.22.292_R_0x12345678-0x12545678:
first_afl_crash_time:264.969383001,second
first_aflgo_crash_time:64.8813962936,second
