file-5.22.6805_R_0x12345678-0x22345678:
first_afl_crash_time:170.296741486,second
first_aflgo_crash_time:52.8894939423,second
