file-5.22.14331_R_0x12345678-0x12349678:
first_afl_crash_time:12897.8312104,second
first_aflgo_crash_time:2518.65434313,second
