file-5.22.3380_R_0x12345678-0x12545678:
first_afl_crash_time:51.5463008881,second
first_aflgo_crash_time:106.710251331,second
