file-5.22.14324_R_0x12345678-0x12545678:
first_afl_crash_time:28.6906659603,second
first_aflgo_crash_time:28.9037048817,second
