file-5.22.1370_R_0x12345678-0x12349678:
first_afl_crash_time:6087.65174794,second
first_aflgo_crash_time:655.383735895,second
