file-5.22.4383_R_0x12345678-0x12545678:
first_afl_crash_time:13214.0837126,second
first_aflgo_crash_time:9760.11340857,second
