file-5.22.7700_R_0x12345678-0x12545678:
first_afl_crash_time:140.415173054,second
first_aflgo_crash_time:279.57173872,second
