file-5.22.17066_R_0x12345678-0x22345678:
first_afl_crash_time:2.42957639694,second
first_aflgo_crash_time:3.05008125305,second
