file-5.22.4192_R_0x12345678-0x22345678:
first_afl_crash_time:4.39534330368,second
first_aflgo_crash_time:3.46670937538,second
