file-5.22.4049_R_0x12345678-0x12349678:
first_afl_crash_time:8952.06372046,second
first_aflgo_crash_time:12696.1768177,second
