file-5.22.660_R_0x12345678-0x12545678:
first_afl_crash_time:67.8365523815,second
first_aflgo_crash_time:14.8493237495,second
