file-5.22.3612_R_0x12345678-0x22345678:
first_afl_crash_time:602.772463083,second
first_aflgo_crash_time:602.8066504,second
