file-5.22.2709_KT_0xda897fff:
first_afl_crash_time:459.571953535,second
first_aflgo_crash_time:2426.28410983,second
