file-5.22.1460_KT_0xda897fff:
first_afl_crash_time:1546.33703279,second
first_aflgo_crash_time:10704.1642079,second
