file-5.22.7002_R_0x12345678-0x22345678:
first_afl_crash_time:1.36315584183,second
first_aflgo_crash_time:1.37329173088,second
