file-5.22.292_R_0x12345678-0x12545678:
first_afl_crash_time:144.718468904,second
first_aflgo_crash_time:211.678258419,second
