file-5.22.660_R_0x12345678-0x12545678:
first_afl_crash_time:37.9663159847,second
first_aflgo_crash_time:52.531693697,second
