file-5.22.3479_R_0x12345678-0x12545678:
first_afl_crash_time:14070.2913349,second
first_aflgo_crash_time:8671.26899362,second
