file-5.22.4192_R_0x12345678-0x22345678:
first_afl_crash_time:6.97465229034,second
first_aflgo_crash_time:2.01000595093,second
