file-5.22.2978_R_0x12345678-0x12545678:
first_afl_crash_time:20.4876158237,second
first_aflgo_crash_time:44.6268188953,second
