file-5.22.4383_R_0x12345678-0x12545678:
first_afl_crash_time:3440.40345955,second
first_aflgo_crash_time:18566.8092787,second
