file-5.22.7700_R_0x12345678-0x12545678:
first_afl_crash_time:49.2512073517,second
first_aflgo_crash_time:80.1013228893,second
