file-5.22.3612_R_0x12345678-0x22345678:
first_afl_crash_time:600.771725416,second
first_aflgo_crash_time:607.990553856,second
