file-5.22.2655_KT_0xda897fff:
first_afl_crash_time:3715.82551813,second
first_aflgo_crash_time:2884.78396893,second
