file-5.22.7603_R_0x12345678-0x12545678:
first_afl_crash_time:90.7860393524,second
first_aflgo_crash_time:102.397794008,second
