file-5.22.3380_R_0x12345678-0x12545678:
first_afl_crash_time:243.116072893,second
first_aflgo_crash_time:229.714706182,second
