file-5.22.1370_R_0x12345678-0x12349678:
first_afl_crash_time:7668.49824309,second
first_aflgo_crash_time:1101.92759919,second
