file-5.22.2709_KT_0xda897fff:
first_afl_crash_time:2359.17296124,second
first_aflgo_crash_time:6151.33749175,second
