file-5.22.6805_R_0x12345678-0x22345678:
first_afl_crash_time:105.119353056,second
first_aflgo_crash_time:275.921331406,second
