file-5.22.14324_R_0x12345678-0x12545678:
first_afl_crash_time:18.1675589085,second
first_aflgo_crash_time:10.7347185612,second
