file-5.22.17066_R_0x12345678-0x22345678:
first_afl_crash_time:0.916960954666,second
first_aflgo_crash_time:5.69026827812,second
