file-5.22.7002_R_0x12345678-0x22345678:
first_afl_crash_time:1.12881779671,second
first_aflgo_crash_time:1.7211689949,second
