file-5.22.3612_R_0x12345678-0x22345678:
first_afl_crash_time:659.484778881,second
first_aflgo_crash_time:631.472984552,second
