file-5.22.2394_R_0x12345678-0x22345678:
first_afl_crash_time:1.07319355011,second
first_aflgo_crash_time:1.07087469101,second
