file-5.22.14960_R_0x12345678-0x12545678:
first_afl_crash_time:930.529438019,second
first_aflgo_crash_time:617.859884977,second
