file-5.22.243_KT_0xda897fff:
first_afl_crash_time:1792.6395731,second
first_aflgo_crash_time:10527.4453089,second
