file-5.22.7603_R_0x12345678-0x12545678:
first_afl_crash_time:12.5303850174,second
first_aflgo_crash_time:15.8050682545,second
