file-5.22.4049_R_0x12345678-0x12349678:
first_afl_crash_time:1153.73829103,second
first_aflgo_crash_time:7176.7980535,second
