file-5.22.660_R_0x12345678-0x12545678:
first_afl_crash_time:53.6800580025,second
first_aflgo_crash_time:50.9524948597,second
