file-5.22.14314_KT_0xda897fff:
first_afl_crash_time:5177.17964721,second
first_aflgo_crash_time:2065.08305049,second
