file-5.22.292_R_0x12345678-0x12545678:
first_afl_crash_time:22.601739645,second
first_aflgo_crash_time:21.1819136143,second
