file-5.22.14331_R_0x12345678-0x12349678:
first_afl_crash_time:2686.84136295,second
first_aflgo_crash_time:5311.44783807,second
