file-5.22.2978_R_0x12345678-0x12545678:
first_afl_crash_time:35.9430308342,second
first_aflgo_crash_time:39.856235981,second
