file-5.22.7700_R_0x12345678-0x12545678:
first_afl_crash_time:19.1804714203,second
first_aflgo_crash_time:19.5520615578,second
