file-5.22.2655_KT_0xda897fff:
first_afl_crash_time:309.190680027,second
first_aflgo_crash_time:5756.43909979,second
