file-5.22.4961_R_0x12345678-0x22345678:
first_afl_crash_time:2091.13006163,second
first_aflgo_crash_time:1735.54789352,second
