file-5.22.14369_R_0x12345678-0x22345678:
first_afl_crash_time:1.40308952332,second
first_aflgo_crash_time:1.25141334534,second
