file-5.22.3479_R_0x12345678-0x12545678:
first_afl_crash_time:4544.27647734,second
first_aflgo_crash_time:1116.49282336,second
