file-5.22.1415_R_0x12345678-0x12545678:
first_afl_crash_time:2.17346668243,second
first_aflgo_crash_time:1.70464873314,second
