file-5.22.6805_R_0x12345678-0x22345678:
first_afl_crash_time:118.153362274,second
first_aflgo_crash_time:18.3908121586,second
