file-5.22.3380_R_0x12345678-0x12545678:
first_afl_crash_time:17.5256512165,second
first_aflgo_crash_time:9.30238389969,second
