file-5.22.14769_R_0x12345678-0x22345678:
first_afl_crash_time:1.5745434761,second
first_aflgo_crash_time:1.85734534264,second
