file-5.22.14324_R_0x12345678-0x12545678:
first_afl_crash_time:46.3379073143,second
first_aflgo_crash_time:11.0358705521,second
