file-5.22.14960_R_0x12345678-0x12545678:
first_afl_crash_time:1119.75130534,second
first_aflgo_crash_time:773.476863623,second
