file-5.22.6805_R_0x12345678-0x22345678:
first_afl_crash_time:60.6890618801,second
first_aflgo_crash_time:295.134378195,second
