file-5.22.7700_R_0x12345678-0x12545678:
first_afl_crash_time:24.922103405,second
first_aflgo_crash_time:18.8521869183,second
