file-5.22.292_R_0x12345678-0x12545678:
first_afl_crash_time:19.7960188389,second
first_aflgo_crash_time:48.8054823875,second
