file-5.22.7603_R_0x12345678-0x12545678:
first_afl_crash_time:72.1642987728,second
first_aflgo_crash_time:61.8306643963,second
