file-5.22.7002_R_0x12345678-0x22345678:
first_afl_crash_time:0.552432537079,second
first_aflgo_crash_time:0.512798309326,second
