file-5.22.2978_R_0x12345678-0x12545678:
first_afl_crash_time:80.5933356285,second
first_aflgo_crash_time:29.6123695374,second
