file-5.22.243_KT_0xda897fff:
first_afl_crash_time:3310.21248722,second
first_aflgo_crash_time:2225.60592866,second
