file-5.22.4961_R_0x12345678-0x22345678:
first_afl_crash_time:799.846447468,second
first_aflgo_crash_time:682.428533792,second
