file-5.22.2048_R_0x12345678-0x12545678:
first_afl_crash_time:41.4130964279,second
first_aflgo_crash_time:17.1648182869,second
