file-5.22.14331_R_0x12345678-0x12349678:
first_afl_crash_time:11518.6433258,second
first_aflgo_crash_time:7954.88721418,second
