file-5.22.2655_KT_0xda897fff:
first_afl_crash_time:1668.88669395,second
first_aflgo_crash_time:244.568571806,second
