file-5.22.1415_R_0x12345678-0x12545678:
first_afl_crash_time:5.04474806786,second
first_aflgo_crash_time:59.8183226585,second
