file-5.22.5871_R_0x12345678-0x12349678:
first_afl_crash_time:16898.3979697,second
first_aflgo_crash_time:8355.85680842,second
