file-5.22.3479_R_0x12345678-0x12545678:
first_afl_crash_time:1905.31294608,second
first_aflgo_crash_time:1960.73270774,second
