file-5.22.1370_R_0x12345678-0x12349678:
first_afl_crash_time:703.315066814,second
first_aflgo_crash_time:191.053647995,second
