file-5.22.660_R_0x12345678-0x12545678:
first_afl_crash_time:73.2586784363,second
first_aflgo_crash_time:47.9163911343,second
