file-5.22.3380_R_0x12345678-0x12545678:
first_afl_crash_time:13.7989523411,second
first_aflgo_crash_time:27.6781730652,second
