file-5.22.4383_R_0x12345678-0x12545678:
first_afl_crash_time:6456.87296414,second
first_aflgo_crash_time:13560.256412,second
