file-5.22.6805_R_0x12345678-0x22345678:
first_afl_crash_time:146.806459665,second
first_aflgo_crash_time:294.70425868,second
