file-5.22.17066_R_0x12345678-0x22345678:
first_afl_crash_time:1.9344637394,second
first_aflgo_crash_time:1.97135257721,second
