file-5.22.7700_R_0x12345678-0x12545678:
first_afl_crash_time:45.3894908428,second
first_aflgo_crash_time:94.0517332554,second
