file-5.22.2709_KT_0xda897fff:
first_afl_crash_time:807.629682541,second
first_aflgo_crash_time:869.502445698,second
