file-5.22.937_KT_0xda897fff:
first_afl_crash_time:5791.9634552,second
first_aflgo_crash_time:14946.5745113,second
