file-5.22.4049_R_0x12345678-0x12349678:
first_afl_crash_time:3597.88871622,second
first_aflgo_crash_time:8554.99230814,second
