file-5.22.2655_KT_0xda897fff:
first_afl_crash_time:7534.41348171,second
first_aflgo_crash_time:3918.74207687,second
