file-5.22.2394_R_0x12345678-0x22345678:
first_afl_crash_time:0.37433552742,second
first_aflgo_crash_time:1.8439848423,second
