file-5.22.1370_R_0x12345678-0x12349678:
first_afl_crash_time:1056.52967095,second
first_aflgo_crash_time:176.918290377,second
