file-5.22.14369_R_0x12345678-0x22345678:
first_afl_crash_time:1.96606063843,second
first_aflgo_crash_time:2.55183577538,second
