file-5.22.14324_R_0x12345678-0x12545678:
first_afl_crash_time:25.1809470654,second
first_aflgo_crash_time:29.4996390343,second
