file-5.22.292_R_0x12345678-0x12545678:
first_afl_crash_time:5.95070552826,second
first_aflgo_crash_time:10.7647886276,second
