file-5.22.660_R_0x12345678-0x12545678:
first_afl_crash_time:43.500221014,second
first_aflgo_crash_time:78.9152309895,second
