file-5.22.4961_R_0x12345678-0x22345678:
first_afl_crash_time:1040.51455879,second
first_aflgo_crash_time:1613.1990447,second
