file-5.22.243_KT_0xda897fff:
first_afl_crash_time:111.106113672,second
first_aflgo_crash_time:9690.68346834,second
