file-5.22.3479_R_0x12345678-0x12545678:
first_afl_crash_time:3337.74859309,second
first_aflgo_crash_time:872.506746769,second
