file-5.22.5871_R_0x12345678-0x12349678:
first_afl_crash_time:3224.87845111,second
first_aflgo_crash_time:3994.89153242,second
