file-5.22.2048_R_0x12345678-0x12545678:
first_afl_crash_time:32.6066012383,second
first_aflgo_crash_time:17.4249856472,second
