file-5.22.14331_R_0x12345678-0x12349678:
first_afl_crash_time:14552.0305641,second
first_aflgo_crash_time:11643.4473073,second
