file-5.22.2978_R_0x12345678-0x12545678:
first_afl_crash_time:13.684107542,second
first_aflgo_crash_time:21.871874094,second
