file-5.22.4192_R_0x12345678-0x22345678:
first_afl_crash_time:6.67799472809,second
first_aflgo_crash_time:1.67102956772,second
