file-5.22.3612_R_0x12345678-0x22345678:
first_afl_crash_time:600.442036629,second
first_aflgo_crash_time:605.536798716,second
