file-5.22.3479_R_0x12345678-0x12545678:
first_afl_crash_time:1706.9028914,second
first_aflgo_crash_time:5807.77861881,second
