file-5.22.3380_R_0x12345678-0x12545678:
first_afl_crash_time:184.944252729,second
first_aflgo_crash_time:52.5864193439,second
