file-5.22.7002_R_0x12345678-0x22345678:
first_afl_crash_time:3.86182403564,second
first_aflgo_crash_time:3.12980890274,second
