file-5.22.2655_KT_0xda897fff:
first_afl_crash_time:801.969068527,second
first_aflgo_crash_time:214.082193136,second
