file-5.22.292_R_0x12345678-0x12545678:
first_afl_crash_time:101.794909716,second
first_aflgo_crash_time:294.279824972,second
