file-5.22.6805_R_0x12345678-0x22345678:
first_afl_crash_time:31.7818212509,second
first_aflgo_crash_time:268.259233713,second
