file-5.22.3612_R_0x12345678-0x22345678:
first_afl_crash_time:600.450479984,second
first_aflgo_crash_time:623.12938118,second
