file-5.22.1460_KT_0xda897fff:
first_afl_crash_time:665.483846188,second
first_aflgo_crash_time:436.007474899,second
