file-5.22.1370_R_0x12345678-0x12349678:
first_afl_crash_time:122.652889729,second
first_aflgo_crash_time:1374.56166935,second
