file-5.22.4049_R_0x12345678-0x12349678:
first_afl_crash_time:2457.54617572,second
first_aflgo_crash_time:24453.4403381,second
