file-5.22.4383_R_0x12345678-0x12545678:
first_afl_crash_time:2954.24542069,second
first_aflgo_crash_time:16974.5401754,second
