file-5.22.7700_R_0x12345678-0x12545678:
first_afl_crash_time:108.889540195,second
first_aflgo_crash_time:150.396804094,second
