file-5.22.2048_R_0x12345678-0x12545678:
first_afl_crash_time:0.978270292282,second
first_aflgo_crash_time:42.4258103371,second
