file-5.22.660_R_0x12345678-0x12545678:
first_afl_crash_time:21.4155609608,second
first_aflgo_crash_time:16.9233617783,second
