file-5.22.4961_R_0x12345678-0x22345678:
first_afl_crash_time:1083.64238524,second
first_aflgo_crash_time:811.055942059,second
