file-5.22.14769_R_0x12345678-0x22345678:
first_afl_crash_time:2.85783147812,second
first_aflgo_crash_time:1.58931708336,second
