file-5.22.7603_R_0x12345678-0x12545678:
first_afl_crash_time:55.2329924107,second
first_aflgo_crash_time:73.4004693031,second
