file-5.22.1415_R_0x12345678-0x12545678:
first_afl_crash_time:3.5171277523,second
first_aflgo_crash_time:9.44337010384,second
