file-5.22.1415_R_0x12345678-0x12545678:
first_afl_crash_time:3.94512033463,second
first_aflgo_crash_time:1.80786919594,second
