file-5.22.1415_R_0x12345678-0x12545678:
first_afl_crash_time:4.16193842888,second
first_aflgo_crash_time:7.48800349236,second
